2) 2 3) 1 5) 4 6) 2
7) 3 8) 1 10) 6 11) 3
12) 2 13) 180 14) 4 15) 1
17) 8 18) 4 19) 39 20) 2
21) 12 22) 42 23) 5 24) 1
26) 10 27) 5 28) 24 29) 1820
30) 2 31) 273 32) 3 33) 4
34) 6 35) 1 37) 12 38) 6
39) 4 40) 3 41) 120 42) 2
43) 531 44) 30 45) 24 46) 3588
47) 7 48) 1 50) 14 51) 7
52) 90 53) 9100 54) 66 55) 12
56) 2 57) 20 58) 2574 59) 69
60) 4 61) 226153980 62) 8 63) 1
65) 16 66) 8 67) 5967 68) 4
69) 936 70) 30 71) 413 72) 2
73) 267000 74) 430 75) 3 76) 6630
77) 40 78) 6 79) 9 80) 1
82) 18 83) 9 84) 6 85) 30996
86) 1122 87) 3 88) 21 89) 53000
90) 2 91) 165 92) 120 93) 1260
94) 221064 95) 4 96) 5 97) 6377352
98) 10 99) 1 101) 20 102) 101
03) 22419 104) 5 105) 4 106) 3115890
107) 93 108) 130 109) 15140424455100 110) 2
111) 28 112) 12 113) 113296 114) 96
115) 105 116) 910 117) 60 118) 28254
119) 11 120) 1 122) 22 123) 11
124) 414960 125) 83204 126) 40 127) 419775
128) 51 129) 1484 130) 570 131) 927
132) 2 133) 224460 134) 12606 135) 21
136) 3 137) 519712 138) 4 139) 6578829
140) 61 41) 8 142) 12 143) 1
145) 24 146) 12 147) 8 148) 6
149) 2113761020 150) 4
